image_width: 1280
image_height: 1024
camera_name: narrow_stereo
camera_matrix:
  rows: 3
  cols: 3
  data: [1697.97165,    0.     ,  594.2863 ,
            0.     , 1696.52391,  436.26167,
            0.     ,    0.     ,    1.     ]
distortion_model: plumb_bob
distortion_coefficients:
  rows: 1
  cols: 5
  data: [-0.260957, 0.364906, -0.001548, -0.002967, 0.000000]
rectification_matrix:
  rows: 3
  cols: 3
  data: [1., 0., 0.,
         0., 1., 0.,
         0., 0., 1.]
projection_matrix:
  rows: 3
  cols: 4
  data: [1642.3783 ,    0.     ,  589.2096 ,    0.     ,
            0.     , 1655.3241 ,  432.23846,    0.     ,
            0.     ,    0.     ,    1.     ,    0.     ]
